forward_num,reverse_num,forward_rate,reverse_rate,organism_num,organism_rate
500,500,5.5,5.5,1000,5.5
495,494,5.4989898989899,5.49595141700405,989,5.49747219413549
494,492,5.49595141700405,5.49390243902439,986,5.49492900608519
553,445,5.98372513562387,5.53033707865169,998,5.7815631262525
599,400,6.0550918196995,5.545,999,5.85085085085085
631,368,6.19809825673534,5.52173913043478,999,5.94894894894895
663,335,6.18250377073907,5.52238805970149,998,5.96092184368737
693,306,6.23088023088023,5.49346405228758,999,6.00500500500501
703,295,6.34708392603129,5.4135593220339,998,6.07114228456914
709,290,6.40479548660085,5.29310344827586,999,6.08208208208208
698,301,6.52865329512894,5.19933554817276,999,6.12812812812813
726,273,6.27961432506887,5.20879120879121,999,5.98698698698699
712,286,6.38623595505618,4.91608391608392,998,5.96492985971944
704,295,6.40909090909091,5.02372881355932,999,6.0
689,309,6.40783744557329,5.3042071197411,998,6.06613226452906
677,320,6.49335302806499,5.315625,997,6.11534603811434
674,325,6.52818991097923,5.49846153846154,999,6.19319319319319
657,342,6.55251141552511,5.7280701754386,999,6.27027027027027
667,332,6.64617691154423,5.91867469879518,999,6.4044044044044
682,317,6.70821114369501,5.99053627760252,999,6.48048048048048
657,342,6.78843226788432,6.17543859649123,999,6.57857857857858
679,319,6.49779086892489,5.99686520376176,998,6.3376753507014
668,331,6.61077844311377,5.67673716012085,999,6.3013013013013
671,328,6.69001490312966,5.83841463414634,999,6.41041041041041
684,313,6.72222222222222,5.8370607028754,997,6.44433299899699
674,324,6.74480712166172,6.01234567901235,998,6.50701402805611
681,317,6.86637298091043,5.94006309148265,998,6.57214428857715
677,321,6.85081240768095,6.09345794392523,998,6.60721442885772
687,312,6.90247452692868,6.04807692307692,999,6.63563563563564
686,311,6.92274052478134,5.9967845659164,997,6.63390170511535
684,314,6.84210526315789,6.11464968152866,998,6.61322645290581
689,309,6.88824383164006,6.08414239482201,998,6.63927855711423
688,309,6.94622093023256,6.12297734627832,997,6.69107321965898
698,301,6.99426934097421,6.17607973421927,999,6.74774774774775
706,293,7.02549575070821,6.19453924914676,999,6.78178178178178
703,296,7.02418207681366,6.18918918918919,999,6.77677677677678
704,295,7.10653409090909,6.16610169491525,999,6.82882882882883
697,301,7.08608321377331,6.28571428571429,998,6.84468937875751
699,300,7.12160228898426,6.31,999,6.87787787787788
696,301,7.17816091954023,6.36544850498339,997,6.93279839518556
703,295,7.18634423897582,6.46101694915254,998,6.97194388777555
696,303,7.14655172413793,6.40594059405941,999,6.92192192192192
692,306,7.20809248554913,6.38235294117647,998,6.95490981963928
686,313,7.19825072886297,6.49520766773163,999,6.97797797797798
691,307,7.18668596237337,6.45276872964169,998,6.96092184368737
685,312,7.27007299270073,6.56730769230769,997,7.05015045135406
687,312,7.23435225618632,6.56089743589744,999,7.02402402402402
695,303,7.27338129496403,6.62046204620462,998,7.0751503006012
699,299,7.3447782546495,6.63545150501672,998,7.13226452905812
702,296,7.3960113960114,6.61148648648649,998,7.16332665330661
710,289,7.39859154929577,6.68858131487889,999,7.19319319319319
720,279,7.4375,6.69534050179211,999,7.23023023023023
722,277,7.45290858725762,6.72563176895307,999,7.25125125125125
724,275,7.47375690607735,6.78181818181818,999,7.28328328328328
721,277,7.48127600554785,6.76534296028881,998,7.28256513026052
720,278,7.5,6.83453237410072,998,7.31462925851703
725,274,7.52965517241379,6.77737226277372,999,7.32332332332332
731,266,7.55813953488372,6.8609022556391,997,7.37211634904714
722,276,7.58725761772853,6.92028985507246,998,7.40280561122244
709,290,7.62059238363893,6.8551724137931,999,7.3983983983984
718,280,7.65877437325905,6.83928571428571,998,7.42885771543086
718,280,7.64623955431755,6.85357142857143,998,7.42384769539078
715,279,7.64195804195804,6.84229390681004,994,7.41750503018109
720,278,7.62777777777778,6.79496402877698,998,7.39579158316633
723,275,7.61410788381743,6.87272727272727,998,7.40981963927856
722,277,7.64681440443213,6.89530685920578,999,7.43843843843844
726,272,7.63223140495868,6.81985294117647,998,7.41082164328657
722,277,7.65373961218837,6.81949458483755,999,7.42242242242242
725,273,7.6648275862069,6.76556776556777,998,7.4188376753507
727,272,7.70151306740027,6.71691176470588,999,7.43343343343343
728,270,7.72664835164835,6.67407407407407,998,7.44188376753507
729,269,7.73936899862826,6.74721189591078,998,7.47194388777555
735,264,7.75510204081633,6.75,999,7.48948948948949
735,264,7.71428571428571,6.78409090909091,999,7.46846846846847
731,268,7.72229822161423,6.82089552238806,999,7.48048048048048
730,268,7.72465753424658,6.90298507462687,998,7.50400801603206
733,265,7.73260572987722,6.81132075471698,998,7.48797595190381
735,263,7.71700680272109,6.94296577946768,998,7.51302605210421
724,274,7.69889502762431,7.01094890510949,998,7.51002004008016
730,266,7.69178082191781,6.99624060150376,996,7.50602409638554
730,268,7.69452054794521,6.98134328358209,998,7.50300601202405
732,267,7.70628415300546,6.95880149812734,999,7.50650650650651
743,256,7.71736204576043,6.9609375,999,7.52352352352352
744,255,7.75672043010753,6.94901960784314,999,7.55055055055055
750,249,7.79066666666667,6.92369477911647,999,7.57457457457457
741,256,7.78542510121457,6.95703125,997,7.57271815446339
735,262,7.74149659863946,6.95038167938931,997,7.53360080240722
742,256,7.74123989218329,6.95703125,998,7.54008016032064
744,252,7.75537634408602,6.96825396825397,996,7.55622489959839
745,254,7.77181208053691,6.95669291338583,999,7.56456456456456
745,253,7.75436241610738,7.00790513833992,998,7.56513026052104
740,257,7.7472972972973,7.08949416342412,997,7.5777331995988
746,252,7.77747989276139,7.12698412698413,998,7.61322645290581
741,258,7.82591093117409,7.16279069767442,999,7.65465465465465
736,262,7.85054347826087,7.21374045801527,998,7.68336673346693
735,263,7.82993197278912,7.28136882129278,998,7.68537074148297
729,270,7.86831275720165,7.32592592592593,999,7.72172172172172
728,270,7.88598901098901,7.22222222222222,998,7.7064128256513
735,264,7.9156462585034,7.26893939393939,999,7.74474474474474
738,261,7.94173441734417,7.25670498084291,999,7.76276276276276
739,260,7.95399188092016,7.26153846153846,999,7.77377377377377
730,268,7.92876712328767,7.23507462686567,998,7.74248496993988
734,264,7.93869209809264,7.19318181818182,998,7.74148296593186
723,276,7.97510373443983,7.21376811594203,999,7.76476476476476
722,277,7.99584487534626,7.24548736462094,999,7.78778778778779
731,266,8.02051983584131,7.28571428571429,997,7.82447342026078
728,271,8.03983516483516,7.33210332103321,999,7.84784784784785
732,267,8.07513661202186,7.31835205992509,999,7.87287287287287
734,265,8.0558583106267,7.36981132075472,999,7.87387387387387
731,267,8.06155950752394,7.41947565543071,998,7.88977955911824
738,261,8.05013550135501,7.37547892720306,999,7.87387387387387
733,265,8.04774897680764,7.40754716981132,998,7.87775551102204
743,255,8.06460296096904,7.4,998,7.89478957915832
749,250,8.08411214953271,7.416,999,7.91691691691692
751,248,8.10119840213049,7.45967741935484,999,7.94194194194194
748,251,8.08422459893048,7.43824701195219,999,7.92192192192192
750,249,8.06133333333333,7.49397590361446,999,7.91991991991992
749,249,8.086782376502,7.4136546184739,998,7.9188376753507
746,253,8.12198391420912,7.46245059288538,999,7.95495495495495
755,243,8.11920529801325,7.49794238683128,998,7.96793587174349
758,240,8.11081794195251,7.51666666666667,998,7.96793587174349
759,239,8.11989459815547,7.46443514644352,998,7.96292585170341
763,236,8.09436435124509,7.54237288135593,999,7.96396396396396
758,241,8.0976253298153,7.59336099585062,999,7.97597597597598
756,243,8.14417989417989,7.61728395061728,999,8.01601601601602
759,239,8.18050065876153,7.67364016736402,998,8.05911823647295
762,237,8.18897637795276,7.70886075949367,999,8.07507507507508
764,233,8.20026178010471,7.71244635193133,997,8.08625877632899
762,236,8.19685039370079,7.69067796610169,998,8.07715430861724
760,239,8.20789473684211,7.7071129707113,999,8.08808808808809
754,244,8.20557029177719,7.70901639344262,998,8.08416833667335
756,243,8.21428571428571,7.7119341563786,999,8.09209209209209
747,250,8.21017402945114,7.752,997,8.09528585757272
742,257,8.24123989218329,7.7704280155642,999,8.12012012012012
741,258,8.21187584345479,7.85658914728682,999,8.12012012012012
739,259,8.22462787550744,7.85714285714286,998,8.12925851703407
734,265,8.21389645776567,7.83018867924528,999,8.11211211211211
733,266,8.22646657571623,7.87593984962406,999,8.13313313313313
734,263,8.19754768392371,7.93155893536122,997,8.12738214643932
730,269,8.20547945205479,7.94795539033457,999,8.13613613613614
730,268,8.21095890410959,7.92537313432836,998,8.13426853707415
734,265,8.22888283378747,7.93207547169811,999,8.15015015015015
736,263,8.1875,7.97718631178707,999,8.13213213213213
739,260,8.18673883626522,7.99615384615385,999,8.13713713713714
740,258,8.19054054054054,7.96511627906977,998,8.13226452905812
745,254,8.21744966442953,8.03149606299213,999,8.17017017017017
748,251,8.21390374331551,7.98804780876494,999,8.15715715715716
748,250,8.21390374331551,7.96,998,8.1503006012024
745,252,8.26174496644295,7.99603174603175,997,8.19458375125376
744,254,8.25940860215054,7.95275590551181,998,8.1813627254509
744,254,8.26478494623656,7.99212598425197,998,8.19539078156313
743,256,8.27187079407806,8.046875,999,8.21421421421421
744,255,8.26478494623656,7.97647058823529,999,8.19119119119119
737,262,8.30122116689281,8.03435114503817,999,8.23123123123123
731,268,8.27222982216142,7.98880597014925,999,8.1961961961962
732,265,8.25273224043716,7.99245283018868,997,8.18355065195587
740,259,8.27432432432432,8.06563706563707,999,8.22022022022022
743,253,8.24899057873486,8.03557312252964,996,8.19477911646586
744,252,8.26881720430108,8.03571428571429,996,8.20983935742972
749,250,8.31241655540721,8.056,999,8.24824824824825
743,255,8.29340511440108,8.03921568627451,998,8.22845691382765
744,255,8.26747311827957,8.06666666666667,999,8.21621621621622
738,260,8.28590785907859,8.10769230769231,998,8.23947895791583
737,261,8.29308005427408,8.10344827586207,998,8.2434869739479
736,263,8.32608695652174,8.13688212927757,999,8.27627627627628
740,258,8.32702702702703,8.12015503875969,998,8.27354709418838
741,257,8.32388663967611,8.08949416342412,998,8.26352705410822
744,255,8.36021505376344,8.08627450980392,999,8.29029029029029
742,256,8.38140161725067,8.046875,998,8.29559118236473
748,249,8.36898395721925,8.05622489959839,997,8.29087261785356
744,254,8.38037634408602,8.08267716535433,998,8.30460921843687
746,252,8.39276139410188,8.05952380952381,998,8.30861723446894
747,251,8.37617135207497,8.05577689243028,998,8.29559118236473
748,247,8.39171122994652,8.07692307692308,995,8.31356783919598
752,244,8.37101063829787,8.08606557377049,996,8.30120481927711
757,242,8.37252311756935,8.10743801652893,999,8.30830830830831
754,245,8.35013262599469,8.16734693877551,999,8.30530530530531
755,244,8.37483443708609,8.16393442622951,999,8.32332332332332
753,245,8.36122177954847,8.1265306122449,998,8.30360721442886
745,253,8.39328859060403,8.03952569169961,998,8.30360721442886
744,255,8.36559139784946,8.05882352941176,999,8.28728728728729
748,249,8.37967914438503,8.10441767068273,997,8.31093279839519
741,256,8.39001349527665,8.1171875,997,8.31995987963892
752,247,8.40026595744681,8.06477732793522,999,8.31731731731732
752,245,8.36835106382979,8.17142857142857,997,8.31995987963892
751,248,8.39414114513981,8.11693548387097,999,8.32532532532533
754,243,8.40981432360743,8.11934156378601,997,8.33901705115346
751,246,8.38082556591212,8.09349593495935,997,8.3099297893681
756,242,8.36640211640212,8.10743801652893,998,8.30360721442886
755,242,8.36953642384106,8.10330578512397,997,8.3049147442327
756,241,8.35185185185185,8.12033195020747,997,8.29588766298897
765,234,8.38692810457516,8.12820512820513,999,8.32632632632633
771,227,8.38651102464332,8.13656387665198,998,8.32965931863727
766,232,8.39556135770235,8.15948275862069,998,8.34068136272545
773,226,8.35575679172057,8.14159292035398,999,8.30730730730731
772,226,8.38341968911917,8.13274336283186,998,8.32665330661323
770,229,8.4,8.09170305676856,999,8.32932932932933
765,234,8.36862745098039,8.08547008547009,999,8.3023023023023
767,232,8.35202086049544,8.11206896551724,999,8.2962962962963
760,239,8.38026315789474,8.05439330543933,999,8.3023023023023
762,236,8.40551181102362,8.07627118644068,998,8.32765531062124
751,248,8.42077230359521,8.07661290322581,999,8.33533533533534
755,243,8.43311258278146,8.1440329218107,998,8.3627254509018
756,242,8.41269841269841,8.12396694214876,998,8.34268537074148
748,250,8.44786096256684,8.084,998,8.35671342685371
750,249,8.42,8.06425702811245,999,8.33133133133133
742,256,8.42452830188679,8.09765625,998,8.34068136272545
734,265,8.43732970027248,8.05660377358491,999,8.33633633633634
736,263,8.44429347826087,8.08365019011407,999,8.34934934934935
736,262,8.44429347826087,8.09923664122137,998,8.35370741482966
736,261,8.44565217391304,8.04214559386973,997,8.34002006018054
743,254,8.41722745625841,8.05511811023622,997,8.32497492477432
738,261,8.42818428184282,8.01532567049808,999,8.32032032032032
742,255,8.455525606469,8.03529411764706,997,8.34804413239719
735,263,8.45034013605442,8.03802281368821,998,8.34168336673347
735,264,8.47074829931973,7.98863636363636,999,8.34334334334334
732,264,8.48360655737705,7.98106060606061,996,8.3504016064257
735,263,8.50340136054422,7.90114068441065,998,8.34468937875751
734,262,8.55994550408719,7.9236641221374,996,8.3925702811245
734,265,8.54904632152589,7.93962264150943,999,8.38738738738739
728,270,8.51510989010989,7.94444444444444,998,8.36072144288577
729,269,8.52400548696845,7.90334572490706,998,8.35671342685371
731,268,8.51709986320109,7.89179104477612,999,8.34934934934935
737,262,8.53324287652646,7.90839694656489,999,8.36936936936937
739,260,8.52097428958051,7.97692307692308,999,8.37937937937938
738,260,8.51084010840108,7.95,998,8.36472945891784
727,271,8.46767537826685,8.01476014760148,998,8.34468937875751
726,273,8.47933884297521,7.98901098901099,999,8.34534534534535
718,281,8.46239554317549,8.00711743772242,999,8.33433433433433
720,279,8.45972222222222,8.00358422939068,999,8.33233233233233
721,278,8.47711511789182,7.97841726618705,999,8.33833833833834
716,283,8.48882681564246,7.98233215547703,999,8.34534534534535
715,284,8.50489510489511,8.0,999,8.36136136136136
708,289,8.52401129943503,8.01730103806228,997,8.37713139418255
709,290,8.51904090267983,7.95862068965517,999,8.35635635635636
715,284,8.4979020979021,7.98591549295775,999,8.35235235235235
705,291,8.50070921985816,8.02749140893471,996,8.36244979919679
709,290,8.47954866008463,7.99655172413793,999,8.33933933933934
710,288,8.45070422535211,8.01736111111111,998,8.32565130260521
711,287,8.43037974683544,8.04878048780488,998,8.32064128256513
707,290,8.42432814710043,8.02413793103448,997,8.30792377131394
710,289,8.45774647887324,7.98961937716263,999,8.32232232232232
709,289,8.45698166431594,8.00692041522491,998,8.32665330661323
710,289,8.44929577464789,8.00692041522491,999,8.32132132132132
713,285,8.46423562412342,8.01754385964912,998,8.33667334669339
719,280,8.45897079276773,8.01428571428571,999,8.33433433433433
726,273,8.46831955922865,7.97435897435897,999,8.33333333333333
724,275,8.46132596685083,7.99636363636364,999,8.33333333333333
730,269,8.42328767123288,8.04089219330855,999,8.32032032032032
734,263,8.41961852861035,8.04182509505703,997,8.31995987963892
730,269,8.4027397260274,8.02230483271375,999,8.3003003003003
725,274,8.38896551724138,8.02554744525547,999,8.28928928928929
719,280,8.38803894297636,8.05,999,8.29329329329329
711,288,8.37271448663854,8.02430555555556,999,8.27227227227227
706,293,8.37818696883853,8.06143344709898,999,8.28528528528529
708,289,8.37005649717514,8.04844290657439,997,8.27683049147442
713,285,8.35343618513324,8.11578947368421,998,8.28557114228457
708,290,8.3545197740113,8.14137931034483,998,8.29258517034068
721,277,8.34119278779473,8.15523465703971,998,8.28957915831663
727,271,8.35625859697386,8.19557195571956,998,8.312625250501
724,273,8.37569060773481,8.27106227106227,997,8.34704112337011
721,278,8.35644937586685,8.23741007194245,999,8.32332332332332
718,280,8.35515320334262,8.22142857142857,998,8.31763527054108
725,274,8.37241379310345,8.19343065693431,999,8.32332332332332
724,274,8.37016574585635,8.2007299270073,998,8.32364729458918
718,278,8.39136490250696,8.19064748201439,996,8.33534136546185
712,285,8.37078651685393,8.25964912280702,997,8.33901705115346
716,283,8.35754189944134,8.25795053003534,999,8.32932932932933
713,286,8.33800841514726,8.23776223776224,999,8.30930930930931
709,288,8.3638928067701,8.19097222222222,997,8.31394182547643
702,296,8.37464387464387,8.23310810810811,998,8.33266533066132
691,308,8.34153400868307,8.24350649350649,999,8.31131131131131
710,289,8.33239436619718,8.24913494809689,999,8.30830830830831
697,302,8.32281205164993,8.13907284768212,999,8.26726726726727
700,299,8.31571428571429,8.19063545150502,999,8.27827827827828
699,300,8.31616595135908,8.19666666666667,999,8.28028028028028
704,292,8.34659090909091,8.22602739726027,996,8.31124497991968
706,292,8.3342776203966,8.18150684931507,998,8.28957915831663
698,300,8.29512893982808,8.22,998,8.27254509018036
697,301,8.28407460545194,8.28239202657807,998,8.28356713426854
690,305,8.26956521739131,8.31803278688525,995,8.28442211055276
702,296,8.26780626780627,8.26351351351351,998,8.26653306613226
703,294,8.29018492176387,8.28231292517007,997,8.28786359077232
700,298,8.29428571428571,8.24496644295302,998,8.27955911823647
697,301,8.25251076040172,8.25581395348837,998,8.25350701402806
697,301,8.28407460545194,8.29568106312292,998,8.2875751503006
705,293,8.28936170212766,8.27986348122867,998,8.28657314629259
706,292,8.29178470254958,8.30479452054795,998,8.29559118236473
703,295,8.28591749644381,8.31864406779661,998,8.29559118236473
698,301,8.30515759312321,8.3421926910299,999,8.31631631631632
700,298,8.28428571428571,8.31208053691275,998,8.29258517034068
696,303,8.29454022988506,8.32013201320132,999,8.3023023023023
704,295,8.28977272727273,8.28474576271186,999,8.28828828828829
697,301,8.28407460545194,8.29568106312292,998,8.2875751503006
697,299,8.28120516499283,8.33779264214047,996,8.29819277108434
687,310,8.29985443959243,8.3741935483871,997,8.32296890672016
684,314,8.26608187134503,8.41082802547771,998,8.31162324649299
683,316,8.26647144948756,8.37974683544304,999,8.3023023023023
684,314,8.25730994152047,8.42675159235669,998,8.31062124248497
677,322,8.27326440177253,8.40372670807453,999,8.31531531531532
683,315,8.29721815519766,8.37777777777778,998,8.32264529058116
688,311,8.28197674418605,8.37299035369775,999,8.31031031031031
683,316,8.29282576866764,8.34810126582278,999,8.31031031031031
690,309,8.27826086956522,8.30744336569579,999,8.28728728728729
691,305,8.27641099855282,8.32786885245902,996,8.29216867469879
688,311,8.28197674418605,8.27009646302251,999,8.27827827827828
687,311,8.28384279475983,8.29581993569132,998,8.2875751503006
702,297,8.26638176638177,8.31649831649832,999,8.28128128128128
697,301,8.26255380200861,8.24584717607973,998,8.25751503006012
699,299,8.27324749642346,8.25083612040134,998,8.26653306613226
706,293,8.27620396600567,8.23890784982935,999,8.26526526526527
705,294,8.28510638297872,8.19047619047619,999,8.25725725725726
714,285,8.24789915966386,8.1578947368421,999,8.22222222222222
714,285,8.21848739495798,8.16842105263158,999,8.2042042042042
706,293,8.22379603399433,8.14334470989761,999,8.2002002002002
707,292,8.21923620933522,8.1541095890411,999,8.2002002002002
710,289,8.22957746478873,8.1280276816609,999,8.2002002002002
702,296,8.25925925925926,8.17905405405405,998,8.23547094188377
711,287,8.23628691983122,8.18118466898955,998,8.22044088176353
703,295,8.24893314366999,8.22033898305085,998,8.24048096192385
705,294,8.23829787234042,8.18367346938776,999,8.22222222222222
702,297,8.24074074074074,8.21212121212121,999,8.23223223223223
700,297,8.23571428571429,8.24915824915825,997,8.23971915747242
699,299,8.22317596566524,8.22408026755853,998,8.22344689378757
692,307,8.23554913294798,8.24104234527687,999,8.23723723723724
693,305,8.25829725829726,8.24262295081967,998,8.25350701402806
680,317,8.25441176470588,8.23028391167192,997,8.24674022066199
682,317,8.28739002932551,8.17350157728707,999,8.25125125125125
691,307,8.30535455861071,8.16938110749186,998,8.26352705410822
690,308,8.31594202898551,8.18181818181818,998,8.27454909819639
691,308,8.29088277858177,8.13636363636364,999,8.24324324324324
691,308,8.27785817655572,8.18506493506493,999,8.24924924924925
697,301,8.29268292682927,8.15282392026578,998,8.25050100200401
698,300,8.29226361031519,8.17333333333333,998,8.2565130260521
704,293,8.28977272727273,8.18771331058021,997,8.25977933801404
710,288,8.30140845070422,8.17013888888889,998,8.26352705410822
705,293,8.28794326241135,8.22184300341297,998,8.2685370741483
701,296,8.25820256776034,8.23648648648649,997,8.25175526579739
703,294,8.25177809388336,8.21768707482993,997,8.24172517552658
701,298,8.28245363766048,8.21476510067114,999,8.26226226226226
711,286,8.27848101265823,8.24475524475525,997,8.26880641925777
707,291,8.24752475247525,8.26116838487973,998,8.25150300601202
702,297,8.25213675213675,8.27272727272727,999,8.25825825825826
704,295,8.23863636363636,8.28474576271186,999,8.25225225225225
702,297,8.24358974358974,8.28282828282828,999,8.25525525525526
703,293,8.23897581792319,8.30716723549488,996,8.25903614457831
702,296,8.23646723646724,8.33445945945946,998,8.26553106212425
702,297,8.25071225071225,8.26936026936027,999,8.25625625625626
704,294,8.24573863636364,8.26190476190476,998,8.25050100200401
703,293,8.20199146514936,8.27986348122867,996,8.22489959839357
709,290,8.21579689703808,8.25862068965517,999,8.22822822822823
709,290,8.23131170662906,8.29310344827586,999,8.24924924924925
711,288,8.21940928270042,8.26388888888889,999,8.23223223223223
713,286,8.21318373071529,8.26223776223776,999,8.22722722722723
707,292,8.20933521923621,8.26027397260274,999,8.22422422422422
703,295,8.21479374110953,8.25084745762712,998,8.22545090180361
707,292,8.20933521923621,8.23287671232877,999,8.21621621621622
694,304,8.22046109510086,8.25328947368421,998,8.23046092184369
702,297,8.21225071225071,8.26936026936027,999,8.22922922922923
690,309,8.21449275362319,8.25566343042071,999,8.22722722722723
690,309,8.2231884057971,8.25566343042071,999,8.23323323323323
693,304,8.22366522366522,8.29605263157895,997,8.24573721163491
681,317,8.23494860499266,8.30914826498423,998,8.25851703406814
680,319,8.27205882352941,8.26332288401254,999,8.26926926926927
678,320,8.23746312684366,8.2875,998,8.25350701402806
687,309,8.24745269286754,8.26537216828479,996,8.25301204819277
695,303,8.24892086330935,8.27062706270627,998,8.25551102204409
690,308,8.23768115942029,8.21753246753247,998,8.2314629258517
695,304,8.24460431654676,8.26644736842105,999,8.25125125125125
701,298,8.24108416547789,8.25503355704698,999,8.24524524524525
700,299,8.24714285714286,8.29765886287625,999,8.26226226226226
697,302,8.26398852223816,8.31788079470199,999,8.28028028028028
695,303,8.23309352517986,8.30693069306931,998,8.25551102204409
702,295,8.2008547008547,8.33898305084746,997,8.24172517552658
704,294,8.20454545454546,8.3265306122449,998,8.24048096192385
695,302,8.19136690647482,8.33112582781457,997,8.23370110330993
694,304,8.21613832853026,8.32236842105263,998,8.24849699398798
697,302,8.2051649928264,8.2682119205298,999,8.22422422422422
696,302,8.18534482758621,8.30132450331126,998,8.22044088176353
692,306,8.15895953757225,8.39869281045752,998,8.23246492985972
698,300,8.1676217765043,8.40666666666667,998,8.23947895791583
706,293,8.15014164305949,8.43344709897611,999,8.23323323323323
704,295,8.14772727272727,8.41016949152542,999,8.22522522522523
707,290,8.16265912305516,8.40344827586207,997,8.23269809428285
707,290,8.14992927864215,8.42758620689655,997,8.23069207622869
713,285,8.15287517531557,8.3719298245614,998,8.21543086172345
704,294,8.14630681818182,8.35374149659864,998,8.20741482965932
714,283,8.12464985994398,8.3321554770318,997,8.18355065195587
711,288,8.12376933895921,8.32291666666667,999,8.18118118118118
713,285,8.109396914446,8.27368421052632,998,8.1563126252505
708,291,8.10593220338983,8.26460481099656,999,8.15215215215215
706,292,8.07790368271955,8.25,998,8.12825651302605
707,291,8.10608203677511,8.20962199312715,998,8.13627254509018
714,283,8.13725490196078,8.20141342756184,997,8.15546639919759
717,282,8.14086471408647,8.19503546099291,999,8.15615615615616
722,276,8.15096952908587,8.20652173913044,998,8.16633266533066
726,273,8.1831955922865,8.18681318681319,999,8.18418418418418
732,267,8.18715846994536,8.21348314606742,999,8.19419419419419
731,265,8.17510259917921,8.20377358490566,996,8.18273092369478
724,275,8.16436464088398,8.18545454545455,999,8.17017017017017
719,279,8.14464534075104,8.16487455197133,998,8.1503006012024
716,282,8.12150837988827,8.14539007092199,998,8.12825651302605
720,278,8.12777777777778,8.12589928057554,998,8.12725450901804
714,284,8.11344537815126,8.20422535211268,998,8.13927855711423
704,295,8.10511363636364,8.19661016949152,999,8.13213213213213
702,296,8.0982905982906,8.19932432432432,998,8.12825651302605
703,296,8.11379800853485,8.27702702702703,999,8.16216216216216
691,307,8.13314037626628,8.25407166123778,998,8.17034068136273
698,300,8.14613180515759,8.33333333333333,998,8.20240480961924
701,298,8.13266761768902,8.35234899328859,999,8.1981981981982
690,308,8.11449275362319,8.29545454545454,998,8.17034068136273
684,314,8.10380116959064,8.35031847133758,998,8.1813627254509
688,309,8.08866279069767,8.3495145631068,997,8.16950852557673
680,318,8.09852941176471,8.35849056603774,998,8.1813627254509
689,309,8.13642960812772,8.31067961165049,998,8.19038076152305
688,309,8.11337209302326,8.29126213592233,997,8.16850551654965
690,309,8.14927536231884,8.30097087378641,999,8.1961961961962
687,312,8.1353711790393,8.30128205128205,999,8.18718718718719
683,316,8.12152269399707,8.36075949367089,999,8.1971971971972
681,318,8.09691629955947,8.32704402515723,999,8.17017017017017
681,318,8.06167400881057,8.32704402515723,999,8.14614614614615
675,323,8.08592592592593,8.3250773993808,998,8.16332665330661
673,325,8.12481426448737,8.36,998,8.20140280561122
666,332,8.15915915915916,8.36746987951807,998,8.22845691382765
670,329,8.19402985074627,8.35866261398176,999,8.24824824824825
658,340,8.22492401215806,8.37352941176471,998,8.27555110220441
671,327,8.20566318926975,8.36391437308868,998,8.25751503006012
659,339,8.23368740515933,8.33628318584071,998,8.2685370741483
665,333,8.26165413533835,8.32432432432432,998,8.28256513026052
659,337,8.2185128983308,8.38278931750742,996,8.27409638554217
662,337,8.22205438066465,8.39762611275964,999,8.28128128128128
661,338,8.22844175491679,8.43491124260355,999,8.2982982982983
656,342,8.23018292682927,8.41520467836257,998,8.2935871743487
657,342,8.23592085235921,8.41520467836257,999,8.2972972972973
658,341,8.23252279635258,8.46041055718475,999,8.31031031031031
664,334,8.20632530120482,8.46407185628743,998,8.29258517034068
653,346,8.19601837672282,8.47109826589595,999,8.29129129129129
658,341,8.20060790273556,8.45161290322581,999,8.28628628628629
655,344,8.2030534351145,8.48837209302326,999,8.3013013013013
651,348,8.19508448540707,8.52873563218391,999,8.31131131131131
656,343,8.19664634146342,8.51020408163265,999,8.3043043043043
657,341,8.17199391171994,8.46041055718475,998,8.27054108216433
649,349,8.17103235747303,8.4756446991404,998,8.27755511022044
655,343,8.16946564885496,8.52769679300292,998,8.29258517034068
656,342,8.14176829268293,8.49415204678363,998,8.2625250501002
654,344,8.16819571865443,8.52906976744186,998,8.29258517034068
657,340,8.19786910197869,8.55,997,8.31795386158475
651,348,8.19815668202765,8.51149425287356,999,8.30730730730731
659,340,8.19271623672231,8.48529411764706,999,8.29229229229229
661,336,8.16036308623298,8.45833333333333,997,8.26078234704112
656,343,8.18292682926829,8.43440233236152,999,8.26926926926927
648,350,8.16666666666667,8.42285714285714,998,8.2565130260521
657,341,8.15068493150685,8.43695014662757,998,8.24849699398798
652,346,8.15337423312883,8.43063583815029,998,8.24949899799599
646,352,8.1702786377709,8.40909090909091,998,8.25450901803607
646,353,8.1733746130031,8.41643059490085,999,8.25925925925926
638,359,8.14890282131661,8.42339832869081,997,8.24774322968907
644,354,8.13819875776398,8.42372881355932,998,8.23947895791583
649,349,8.13405238828968,8.43839541547278,998,8.24048096192385
658,341,8.0790273556231,8.34310850439883,999,8.16916916916917
653,346,8.06278713629403,8.38150289017341,999,8.17317317317317
667,332,8.07646176911544,8.39457831325301,999,8.18218218218218
662,334,8.08761329305136,8.47904191616766,996,8.21887550200803
656,343,8.07469512195122,8.52186588921283,999,8.22822822822823
647,350,8.07109737248841,8.47714285714286,997,8.2136409227683
633,366,8.0521327014218,8.46174863387978,999,8.2022022022022
634,364,8.05205047318612,8.47802197802198,998,8.20741482965932
644,353,8.04192546583851,8.5042492917847,997,8.20561685055165
640,359,8.03125,8.50696378830084,999,8.2022022022022
637,362,8.03453689167975,8.48618784530387,999,8.1981981981982
632,367,8.03639240506329,8.47956403269755,999,8.1991991991992
635,364,8.02677165354331,8.45879120879121,999,8.18418418418418
630,367,8.05238095238095,8.47411444141689,997,8.20762286860582
627,372,8.06698564593301,8.54032258064516,999,8.24324324324324
618,380,8.03074433656958,8.53421052631579,998,8.22244488977956
607,392,8.00823723228995,8.56632653061224,999,8.22722722722723
603,395,8.02155887230514,8.58227848101266,998,8.2434869739479
611,387,8.06055646481178,8.5968992248062,998,8.2685370741483
608,391,8.08059210526316,8.60358056265985,999,8.28528528528529
609,390,8.11494252873563,8.5974358974359,999,8.3033033033033
603,393,8.12437810945274,8.6030534351145,996,8.31325301204819
605,394,8.12561983471074,8.59137055837564,999,8.30930930930931
612,386,8.15849673202614,8.59844559585492,998,8.32865731462926
602,397,8.14119601328904,8.61460957178841,999,8.32932932932933
605,394,8.11239669421488,8.60659898477157,999,8.30730730730731
604,395,8.13741721854305,8.62025316455696,999,8.32832832832833
594,404,8.14983164983165,8.58910891089109,998,8.32765531062124
591,408,8.16412859560068,8.56372549019608,999,8.32732732732733
589,409,8.18845500848896,8.56479217603912,998,8.34268537074148
596,403,8.16610738255033,8.59305210918114,999,8.33833833833834
596,403,8.14597315436242,8.56327543424318,999,8.31431431431431
602,396,8.16943521594684,8.59343434343434,998,8.3376753507014
597,397,8.15912897822446,8.56675062972292,994,8.32193158953722
606,393,8.10891089108911,8.59541984732824,999,8.3003003003003
596,402,8.12248322147651,8.57960199004975,998,8.30661322645291
603,395,8.11276948590382,8.54683544303797,998,8.28456913827655
604,394,8.10761589403974,8.51776649746193,998,8.26953907815631
609,390,8.1264367816092,8.50769230769231,999,8.27527527527528
617,382,8.13614262560778,8.48167539267016,999,8.26826826826827
623,375,8.14285714285714,8.48266666666667,998,8.27054108216433
624,375,8.16185897435897,8.48,999,8.28128128128128
630,369,8.15555555555556,8.51219512195122,999,8.28728728728729
627,370,8.12918660287081,8.52162162162162,997,8.27482447342026
630,367,8.15714285714286,8.49318801089918,997,8.28084252758275
631,368,8.14580031695721,8.46467391304348,999,8.26326326326326
623,376,8.15890850722311,8.45744680851064,999,8.27127127127127
636,363,8.12421383647799,8.44628099173554,999,8.24124124124124
633,366,8.07582938388626,8.46448087431694,999,8.21821821821822
635,363,8.10393700787402,8.38842975206612,998,8.20741482965932
634,364,8.09779179810726,8.41483516483516,998,8.21342685370741
636,363,8.08018867924528,8.39393939393939,999,8.19419419419419
626,372,8.1038338658147,8.39784946236559,998,8.21342685370741
625,373,8.0688,8.3941018766756,998,8.19038076152305
620,378,8.04354838709677,8.3994708994709,998,8.17835671342685
613,386,8.06199021207178,8.36269430051813,999,8.17817817817818
616,383,8.09090909090909,8.38381201044386,999,8.2032032032032
613,386,8.08646003262643,8.37305699481865,999,8.1971971971972
603,396,8.09618573797678,8.34343434343434,999,8.19419419419419
607,390,8.11202635914333,8.33076923076923,997,8.19759277833501
608,391,8.1266447368421,8.33248081841432,999,8.20720720720721
615,383,8.10243902439024,8.35770234986945,998,8.20040080160321
612,387,8.06699346405229,8.35142118863049,999,8.17717717717718
617,382,8.09076175040519,8.35340314136126,999,8.19119119119119
621,378,8.09017713365539,8.36507936507937,999,8.19419419419419
615,383,8.0390243902439,8.38120104438642,998,8.17034068136273
612,386,8.02614379084967,8.37305699481865,998,8.16032064128257
612,387,8.02287581699346,8.38501291989664,999,8.16316316316316
602,397,8.00664451827243,8.38287153652393,999,8.15615615615616
602,397,8.00664451827243,8.39294710327456,999,8.16016016016016
606,393,8.02145214521452,8.39440203562341,999,8.16816816816817
595,404,8.02521008403361,8.3960396039604,999,8.17517517517518
596,402,8.05201342281879,8.37064676616915,998,8.18036072144289
601,398,7.99168053244592,8.36683417085427,999,8.14114114114114
594,403,8.04208754208754,8.35483870967742,997,8.16850551654965
592,407,8.06925675675676,8.3980343980344,999,8.2032032032032
587,412,8.03918228279387,8.40776699029126,999,8.19119119119119
589,410,8.07809847198642,8.39024390243902,999,8.20620620620621
587,412,8.08347529812606,8.38349514563107,999,8.20720720720721
582,416,8.10137457044674,8.41346153846154,998,8.2314629258517
579,419,8.09326424870466,8.42243436754177,998,8.2314629258517
588,411,8.0391156462585,8.45985401459854,999,8.21221221221221
585,413,8.05299145299145,8.43583535108959,998,8.21142284569138
584,415,8.0958904109589,8.46506024096386,999,8.24924924924925
584,415,8.11130136986301,8.49156626506024,999,8.26926926926927
583,416,8.09090909090909,8.48317307692308,999,8.25425425425425
581,418,8.1342512908778,8.48086124401914,999,8.27927927927928
568,431,8.18133802816901,8.48955916473318,999,8.31431431431431
573,426,8.17277486910995,8.46713615023474,999,8.2982982982983
575,424,8.15304347826087,8.45518867924528,999,8.28128128128128
573,425,8.14485165794066,8.48470588235294,998,8.28957915831663
574,423,8.11324041811847,8.46808510638298,997,8.26379137412237
572,427,8.09265734265734,8.46370023419204,999,8.25125125125125
578,421,8.04844290657439,8.47030878859857,999,8.22622622622623
572,427,8.01398601398601,8.46370023419204,999,8.20620620620621
574,425,8.02613240418119,8.48941176470588,999,8.22322322322322
574,425,8.01393728222997,8.52,999,8.22922922922923
578,421,7.99826989619377,8.53206650831354,999,8.22322322322322
585,414,8.00854700854701,8.52173913043478,999,8.22122122122122
591,406,8.00338409475465,8.47290640394089,997,8.19458375125376
593,406,8.01011804384486,8.47783251231527,999,8.2002002002002
595,403,7.99495798319328,8.5136476426799,998,8.20440881763527
598,401,7.9933110367893,8.53117206982544,999,8.20920920920921
602,396,8.04152823920266,8.53787878787879,998,8.23847695390782
607,390,8.05766062602965,8.53846153846154,997,8.24573721163491
612,386,8.04248366013072,8.5259067357513,998,8.22945891783567
614,385,8.04560260586319,8.5038961038961,999,8.22222222222222
612,384,8.04411764705882,8.51041666666667,996,8.22389558232932
606,393,8.01815181518152,8.50381679389313,999,8.20920920920921
603,395,8.03150912106136,8.47341772151899,998,8.2064128256513
605,394,8.03140495867769,8.50507614213198,999,8.21821821821822
606,392,8.01815181518152,8.5,998,8.20741482965932
596,402,8.01006711409396,8.46019900497512,998,8.19138276553106
598,400,8.04849498327759,8.435,998,8.20340681362725
593,406,8.05733558178752,8.43349753694581,999,8.21021021021021
595,404,8.05210084033613,8.42079207920792,999,8.2012012012012
602,396,8.04817275747508,8.44191919191919,998,8.20440881763527
605,394,8.02644628099173,8.43908629441624,999,8.18918918918919
601,397,8.03660565723794,8.43828715365239,998,8.19639278557114
600,399,8.01166666666667,8.46616541353383,999,8.19319319319319
595,404,7.97983193277311,8.4529702970297,999,8.17117117117117
595,403,7.97310924369748,8.46401985111662,998,8.17134268537074
585,414,7.98290598290598,8.43719806763285,999,8.17117117117117
581,417,7.98450946643718,8.4220623501199,998,8.16733466933868
583,415,7.96912521440823,8.4,998,8.14829659318637
587,411,7.97614991482112,8.42092457420924,998,8.15931863727455
597,402,7.97319932998325,8.39800995024876,999,8.14414414414414
580,417,7.94827586206897,8.45083932853717,997,8.15847542627884
573,426,7.96509598603839,8.40845070422535,999,8.15415415415415
569,428,7.8804920913884,8.44392523364486,997,8.12236710130391
573,426,7.8673647469459,8.44366197183099,999,8.11311311311311
577,422,7.8734835355286,8.43838862559242,999,8.11211211211211
574,425,7.89721254355401,8.42823529411765,999,8.12312312312312
575,424,7.9304347826087,8.43867924528302,999,8.14614614614615
559,440,7.8783542039356,8.43181818181818,999,8.12212212212212
563,436,7.87211367673179,8.44724770642202,999,8.12312312312312
562,436,7.90035587188612,8.41743119266055,998,8.12625250501002
553,446,7.88607594936709,8.41704035874439,999,8.12312312312312
549,449,7.8816029143898,8.4543429844098,998,8.13927855711423
540,459,7.88333333333333,8.48366013071895,999,8.15915915915916
536,463,7.91977611940298,8.47516198704104,999,8.17717717717718
550,449,7.92909090909091,8.4988864142539,999,8.18518518518519
554,444,7.96389891696751,8.50675675675676,998,8.20541082164329
554,442,7.96209386281588,8.47963800904977,996,8.19176706827309
546,453,7.99267399267399,8.46799116997792,999,8.20820820820821
548,450,8.03284671532847,8.45555555555556,998,8.22344689378757
552,447,8.03079710144928,8.46308724832215,999,8.22422422422422
552,446,8.05615942028986,8.4372197309417,998,8.22645290581162
556,443,8.05575539568345,8.40632054176072,999,8.21121121121121
557,441,8.00897666068223,8.3968253968254,998,8.18036072144289
564,435,8.07801418439716,8.38620689655172,999,8.21221221221221
562,437,8.10320284697509,8.4141876430206,999,8.23923923923924
566,431,8.10777385159011,8.43155452436195,997,8.24774322968907
563,436,8.101243339254,8.41743119266055,999,8.23923923923924
570,429,8.11228070175439,8.3962703962704,999,8.23423423423423
567,432,8.11463844797178,8.38888888888889,999,8.23323323323323
571,427,8.10858143607706,8.37002341920375,998,8.22044088176353
574,425,8.05400696864112,8.38823529411765,999,8.1961961961962
575,422,8.05739130434783,8.38151658767772,997,8.19458375125376
566,431,8.06890459363958,8.37122969837587,997,8.19959879638917
569,429,8.10896309314587,8.38694638694639,998,8.22845691382765
571,428,8.11033274956217,8.37616822429907,999,8.22422422422422
571,428,8.13134851138354,8.37616822429907,999,8.23623623623624
558,439,8.14516129032258,8.38268792710706,997,8.24974924774323
565,434,8.15929203539823,8.38018433179723,999,8.25525525525526
562,436,8.15480427046263,8.37155963302752,998,8.24949899799599
570,428,8.19122807017544,8.35981308411215,998,8.26352705410822
568,430,8.17253521126761,8.38139534883721,998,8.2625250501002
576,422,8.19618055555556,8.33412322274881,998,8.25450901803607
572,427,8.16258741258741,8.34426229508197,999,8.24024024024024
574,424,8.17247386759582,8.34669811320755,998,8.24649298597194
582,417,8.19931271477663,8.33333333333333,999,8.25525525525526
581,417,8.1790017211704,8.34292565947242,998,8.24749498997996
587,411,8.17035775127768,8.30900243309002,998,8.22745490981964
589,410,8.16638370118845,8.32682926829268,999,8.23223223223223
602,396,8.17441860465116,8.28282828282828,998,8.21743486973948
607,392,8.16474464579901,8.30867346938776,999,8.22122122122122
611,388,8.12765957446809,8.30412371134021,999,8.1961961961962
617,381,8.15235008103728,8.33070866141732,998,8.22044088176353
619,380,8.1437802907916,8.34473684210526,999,8.22022022022022
615,384,8.16910569105691,8.30989583333333,999,8.22322322322322
612,387,8.14869281045752,8.31007751937985,999,8.21121121121121
616,383,8.1038961038961,8.28198433420365,999,8.17217217217217
617,380,8.07293354943274,8.29473684210526,997,8.15747241725176
617,381,8.09238249594814,8.24671916010499,998,8.15130260521042
610,389,8.07540983606557,8.25706940874036,999,8.14614614614615
615,384,8.07967479674797,8.21614583333333,999,8.13213213213213
607,391,8.10543657331137,8.17902813299233,998,8.13426853707415
619,380,8.13085621970921,8.1921052631579,999,8.15415415415415
617,379,8.08103727714749,8.20844327176781,996,8.12951807228916
611,387,8.12765957446809,8.25064599483204,998,8.17535070140281
613,385,8.1305057096248,8.28051948051948,998,8.18837675350701
619,378,8.140549273021,8.27513227513228,997,8.19157472417252
612,387,8.13888888888889,8.29715762273902,999,8.2002002002002
617,381,8.09562398703404,8.28871391076115,998,8.16933867735471
607,391,8.12026359143328,8.27109974424552,998,8.17935871743487
615,382,8.12682926829268,8.27225130890052,997,8.18254764292879
614,385,8.16123778501629,8.27792207792208,999,8.20620620620621
614,383,8.14983713355049,8.26109660574413,997,8.1925777331996
621,376,8.15458937198068,8.29787234042553,997,8.2086258776329
624,374,8.14423076923077,8.26737967914439,998,8.19038076152305
613,385,8.15986949429037,8.26493506493506,998,8.20040080160321
621,378,8.16908212560386,8.22222222222222,999,8.18918918918919
623,374,8.17495987158908,8.21657754010695,997,8.19057171514544
622,377,8.17202572347267,8.18832891246684,999,8.17817817817818
630,368,8.16031746031746,8.14130434782609,998,8.15330661322645
629,370,8.09220985691574,8.17297297297297,999,8.12212212212212
631,367,8.08557844690967,8.1716621253406,998,8.11723446893788
629,369,8.10015898251192,8.14363143631436,998,8.11623246492986
628,371,8.11783439490446,8.16711590296496,999,8.13613613613614
627,372,8.13237639553429,8.14247311827957,999,8.13613613613614
620,377,8.11451612903226,8.15384615384615,997,8.12938816449348
621,378,8.13365539452496,8.13756613756614,999,8.13513513513514
624,375,8.10096153846154,8.15733333333333,999,8.12212212212212
622,377,8.06913183279743,8.12997347480106,999,8.09209209209209
625,373,8.0592,8.0857908847185,998,8.06913827655311
628,370,8.0843949044586,8.06486486486486,998,8.07715430861724
631,368,8.08082408874802,8.07608695652174,999,8.07907907907908
627,369,8.08931419457735,8.11653116531165,996,8.09939759036145
622,376,8.11093247588424,8.10904255319149,998,8.11022044088176
623,376,8.12359550561798,8.07978723404255,999,8.10710710710711
625,374,8.1168,8.11497326203209,999,8.11611611611612
615,382,8.07479674796748,8.09685863874346,997,8.08324974924774
612,387,8.08496732026144,8.11111111111111,999,8.0950950950951
604,395,8.05794701986755,8.2,999,8.11411411411411
606,392,8.05940594059406,8.23724489795918,998,8.12925851703407
607,392,8.05436573311367,8.24234693877551,999,8.12812812812813
600,397,8.03166666666667,8.27959697732997,997,8.13039117352056
612,385,8.01470588235294,8.29350649350649,997,8.12236710130391
607,392,8.01317957166392,8.29591836734694,999,8.12412412412412
609,390,7.98686371100164,8.31794871794872,999,8.11611611611612
612,386,7.98529411764706,8.33160621761658,998,8.11923847695391
597,401,8.00335008375209,8.29925187032419,998,8.12224448897796
608,388,8.01315789473684,8.31185567010309,996,8.12951807228916
598,401,8.03846153846154,8.26932668329177,999,8.13113113113113
599,400,8.02337228714524,8.2925,999,8.13113113113113
601,397,8.01331114808652,8.24685138539043,998,8.1062124248497
598,401,8.03846153846154,8.27431421446384,999,8.13313313313313
592,407,8.02364864864865,8.24815724815725,999,8.11511511511512
601,396,8.00998336106489,8.30050505050505,997,8.12537612838516
596,403,8.00838926174497,8.26550868486352,999,8.11211211211211
584,414,8.01541095890411,8.256038647343,998,8.11523046092184
586,411,8.02389078498294,8.28223844282238,997,8.13039117352056
578,421,7.9636678200692,8.30878859857482,999,8.10910910910911
581,417,8.00860585197935,8.29256594724221,998,8.12725450901804
576,422,8.01388888888889,8.29857819905213,998,8.13426853707415
588,411,7.97278911564626,8.32846715328467,999,8.11911911911912
588,411,7.98469387755102,8.36739659367397,999,8.14214214214214
584,415,7.98972602739726,8.40481927710843,999,8.16216216216216
581,417,7.98278829604131,8.378896882494,998,8.14829659318637
583,413,7.99485420240137,8.41162227602906,996,8.16767068273092
582,416,7.9914089347079,8.39903846153846,998,8.16132264529058
586,412,8.00341296928328,8.39320388349515,998,8.16432865731463
584,415,7.99486301369863,8.39036144578313,999,8.15915915915916
593,406,8.00843170320405,8.36945812807882,999,8.15515515515516
586,412,8.00341296928328,8.33009708737864,998,8.13827655310621
583,416,8.01200686106347,8.31971153846154,999,8.14014014014014
587,412,8.01703577512777,8.3373786407767,999,8.14914914914915
576,423,8.06597222222222,8.30023640661939,999,8.16516516516517
569,429,8.07557117750439,8.27272727272727,998,8.16032064128257
579,419,8.0552677029361,8.32219570405728,998,8.16733466933868
573,425,8.06980802792321,8.31529411764706,998,8.17434869739479
575,421,8.06434782608696,8.33254156769596,996,8.17771084337349
576,423,8.09375,8.31914893617021,999,8.18918918918919
565,434,8.09557522123894,8.34562211981567,999,8.2042042042042
564,435,8.10992907801418,8.35632183908046,999,8.21721721721722
569,430,8.12126537785589,8.34418604651163,999,8.21721721721722
566,432,8.1095406360424,8.37037037037037,998,8.22244488977956
571,427,8.12959719789842,8.36533957845433,998,8.23046092184369
565,433,8.09557522123894,8.37182448036951,998,8.21543086172345
568,431,8.11091549295775,8.37819025522042,999,8.22622622622623
565,434,8.06902654867257,8.4147465437788,999,8.21921921921922
571,428,8.09106830122592,8.40420560747664,999,8.22522522522523
571,425,8.09807355516637,8.38352941176471,996,8.21987951807229
575,423,8.07304347826087,8.40661938534279,998,8.21442885771543
584,414,8.09075342465753,8.39130434782609,998,8.21543086172345
574,425,8.11498257839721,8.40941176470588,999,8.24024024024024
572,426,8.10664335664336,8.42488262910798,998,8.24248496993988
574,424,8.14634146341463,8.44339622641509,998,8.27254509018036
575,424,8.18086956521739,8.44103773584906,999,8.29129129129129
576,423,8.15277777777778,8.43971631205674,999,8.27427427427427
581,416,8.14113597246127,8.45192307692308,997,8.27081243731194
578,420,8.13840830449827,8.46428571428571,998,8.27555110220441
576,421,8.14409722222222,8.45843230403801,997,8.27683049147442
572,425,8.12412587412587,8.45176470588235,997,8.26379137412237
573,425,8.15532286212914,8.44941176470588,998,8.28056112224449
571,428,8.12259194395797,8.47429906542056,999,8.27327327327327
566,431,8.13427561837456,8.46635730858469,997,8.2778335005015
572,427,8.16608391608392,8.46370023419204,999,8.29329329329329
570,429,8.11228070175439,8.48951048951049,999,8.27427427427427
578,420,8.13494809688581,8.47857142857143,998,8.27955911823647
571,428,8.1260945709282,8.47897196261682,999,8.27727727727728
571,427,8.10332749562172,8.46838407494145,998,8.25951903807615
564,433,8.10460992907801,8.48729792147806,997,8.27081243731194
560,438,8.11785714285714,8.45433789954338,998,8.26553106212425
562,436,8.11565836298932,8.46788990825688,998,8.26953907815631
560,437,8.08928571428571,8.45995423340961,997,8.25175526579739
550,448,8.08,8.46651785714286,998,8.25350701402806
555,444,8.07387387387387,8.48873873873874,999,8.25825825825826
562,437,8.0729537366548,8.50343249427918,999,8.26126126126126
558,441,8.05555555555556,8.5124716553288,999,8.25725725725726
545,451,8.07706422018349,8.49667405764967,996,8.26706827309237
552,447,8.09782608695652,8.51230425055928,999,8.28328328328328
548,451,8.10766423357664,8.52328159645233,999,8.2952952952953
547,452,8.14442413162706,8.52212389380531,999,8.31531531531532
548,449,8.15328467153285,8.51447661469933,997,8.31594784353059
542,457,8.16420664206642,8.53610503282276,999,8.33433433433433
539,458,8.14842300556586,8.52838427947598,997,8.32296890672016
534,463,8.11797752808989,8.50539956803456,997,8.29789368104313
535,464,8.15140186915888,8.51077586206897,999,8.31831831831832
531,468,8.14500941619586,8.54700854700855,999,8.33333333333333
523,475,8.17399617590822,8.53263157894737,998,8.34468937875751
533,466,8.13696060037523,8.55364806866953,999,8.33133133133133
524,474,8.0763358778626,8.55274261603376,998,8.30260521042084
519,480,8.10404624277457,8.525,999,8.30630630630631
513,486,8.12475633528265,8.53086419753086,999,8.32232232232232
520,478,8.11538461538461,8.5,998,8.29959919839679
519,480,8.13102119460501,8.48541666666667,999,8.3013013013013
516,482,8.15697674418605,8.44398340248963,998,8.29559118236473
520,478,8.13076923076923,8.44351464435147,998,8.28056112224449
530,467,8.12641509433962,8.45182012847966,997,8.27883650952859
527,472,8.09108159392789,8.47881355932203,999,8.27427427427427
539,460,8.10575139146568,8.46304347826087,999,8.27027027027027
531,467,8.12994350282486,8.45396145610278,998,8.28156312625251
535,462,8.13084112149533,8.41558441558442,997,8.26278836509529
523,476,8.12237093690249,8.4390756302521,999,8.27327327327327
527,472,8.11764705882353,8.4406779661017,999,8.27027027027027
519,479,8.13680154142582,8.45302713987474,998,8.28857715430862
519,480,8.17919075144509,8.46875,999,8.31831831831832
512,487,8.150390625,8.48459958932238,999,8.31331331331331
507,491,8.19526627218935,8.4908350305499,998,8.34068136272545
509,490,8.19056974459725,8.48979591836735,999,8.33733733733734
514,485,8.22178988326848,8.49484536082474,999,8.35435435435435
510,489,8.20980392156863,8.47443762781186,999,8.33933933933934
515,483,8.23883495145631,8.48861283643892,998,8.35971943887776
500,499,8.206,8.47895791583166,999,8.34234234234234
509,490,8.20432220039293,8.45918367346939,999,8.32932932932933
513,485,8.21247563352827,8.47216494845361,998,8.33867735470942
517,482,8.22630560928433,8.47302904564315,999,8.34534534534535
511,487,8.25048923679061,8.47433264887064,998,8.35971943887776
516,483,8.25193798449612,8.46997929606625,999,8.35735735735736
524,475,8.25954198473282,8.47157894736842,999,8.36036036036036
529,468,8.23629489603025,8.44871794871795,997,8.33600802407222
532,467,8.23496240601504,8.42826552462527,999,8.32532532532533
526,472,8.23003802281369,8.42584745762712,998,8.32264529058116
526,473,8.23003802281369,8.41014799154334,999,8.31531531531532
526,473,8.20912547528517,8.39746300211416,999,8.2982982982983
528,471,8.18560606060606,8.3864118895966,999,8.28028028028028
522,474,8.19348659003831,8.38396624472574,996,8.28413654618474
516,482,8.1937984496124,8.43775933609959,998,8.31162324649299
520,477,8.18846153846154,8.42138364779874,997,8.29989969909729
521,478,8.18809980806142,8.41841004184101,999,8.2982982982983
514,485,8.18287937743191,8.41237113402062,999,8.29429429429429
511,487,8.16829745596869,8.39425051334702,998,8.27855711422846
502,497,8.17529880478088,8.3943661971831,999,8.28428428428428
498,500,8.17469879518072,8.366,998,8.27054108216433
484,515,8.16115702479339,8.37281553398058,999,8.27027027027027
492,507,8.14430894308943,8.40236686390532,999,8.27527527527528
487,512,8.16016427104723,8.408203125,999,8.28728728728729
488,511,8.15983606557377,8.37181996086106,999,8.26826826826827
491,508,8.15274949083503,8.37992125984252,999,8.26826826826827
480,519,8.14583333333333,8.39306358381503,999,8.27427427427427
477,522,8.16561844863732,8.36206896551724,999,8.26826826826827
481,515,8.13305613305613,8.41165048543689,996,8.27710843373494
479,520,8.16701461377871,8.37307692307692,999,8.27427427427427
472,526,8.19491525423729,8.38593155893536,998,8.29559118236473
472,527,8.18220338983051,8.38709677419355,999,8.29029029029029
469,530,8.18550106609808,8.37547169811321,999,8.28628628628629
469,527,8.19402985074627,8.40607210626186,996,8.30622489959839
461,538,8.16268980477223,8.39219330855019,999,8.28628628628629
468,531,8.18376068376068,8.38606403013183,999,8.29129129129129
469,529,8.18976545842217,8.40831758034026,998,8.30561122244489
467,531,8.15631691648822,8.39171374764595,998,8.28156312625251
471,528,8.19532908704883,8.3844696969697,999,8.2952952952953
471,527,8.16348195329087,8.41555977229602,998,8.29659318637275
478,521,8.1673640167364,8.37044145873321,999,8.27327327327327
484,515,8.15495867768595,8.35339805825243,999,8.25725725725726
484,515,8.17355371900826,8.38446601941748,999,8.28228228228228
478,521,8.1673640167364,8.36276391554702,999,8.26926926926927
477,522,8.15303983228512,8.40229885057471,999,8.28328328328328
488,510,8.18237704918033,8.34117647058824,998,8.26352705410822
487,512,8.16427104722793,8.357421875,999,8.26326326326326
486,512,8.2037037037037,8.330078125,998,8.2685370741483
483,516,8.18840579710145,8.31782945736434,999,8.25525525525526
495,504,8.18585858585859,8.33134920634921,999,8.25925925925926
496,501,8.1633064516129,8.375249500998,997,8.26980942828486
501,497,8.15369261477046,8.37625754527163,998,8.26452905811623
497,502,8.12877263581489,8.37250996015936,999,8.25125125125125
503,495,8.14711729622266,8.36565656565657,998,8.25551102204409
503,496,8.15904572564612,8.33266129032258,999,8.24524524524525
500,499,8.162,8.33066132264529,999,8.24624624624625
489,509,8.10633946830266,8.31434184675835,998,8.2124248496994
486,512,8.11111111111111,8.265625,998,8.19038076152305
484,514,8.09297520661157,8.30350194552529,998,8.20140280561122
486,511,8.10288065843621,8.28962818003914,997,8.19859578736209
487,511,8.14784394250513,8.29354207436399,998,8.22244488977956
482,515,8.14107883817427,8.27961165048544,997,8.21263791374122
483,516,8.16977225672878,8.28488372093023,999,8.22922922922923
469,530,8.19402985074627,8.25660377358491,999,8.22722722722723
473,525,8.16913319238901,8.24571428571429,998,8.20941883767535
471,527,8.18895966029724,8.26565464895636,998,8.22945891783567
464,532,8.18965517241379,8.25187969924812,996,8.22289156626506
455,544,8.24835164835165,8.24264705882353,999,8.24524524524525
457,540,8.22975929978118,8.26296296296296,997,8.24774322968907
449,549,8.25389755011136,8.26411657559199,998,8.25951903807615
450,549,8.24222222222222,8.2568306010929,999,8.25025025025025
450,549,8.26222222222222,8.25318761384335,999,8.25725725725726
443,556,8.29345372460497,8.24640287769784,999,8.26726726726727
439,557,8.29384965831435,8.28366247755835,996,8.28815261044177
444,554,8.31531531531532,8.30324909747292,998,8.30861723446894
450,549,8.27777777777778,8.34608378870674,999,8.31531531531532
448,550,8.28348214285714,8.34363636363636,998,8.31663326653307
454,545,8.29295154185022,8.37064220183486,999,8.33533533533534
453,546,8.22737306843267,8.36630036630037,999,8.3033033033033
460,538,8.23260869565217,8.317843866171,998,8.27855711422846
468,531,8.23504273504273,8.31826741996234,999,8.27927927927928
475,522,8.22947368421053,8.30651340996169,997,8.26980942828486
480,519,8.15625,8.29865125240848,999,8.23023023023023
490,508,8.20816326530612,8.29527559055118,998,8.25250501002004
493,504,8.19066937119675,8.2718253968254,997,8.23169508525577
496,502,8.16129032258065,8.22509960159362,998,8.19338677354709
499,500,8.19038076152305,8.206,999,8.1981981981982
506,493,8.20553359683795,8.20689655172414,999,8.20620620620621
496,498,8.27016129032258,8.20883534136546,994,8.23943661971831
490,507,8.31224489795918,8.20710059171598,997,8.25877632898696
494,503,8.25708502024291,8.25844930417495,997,8.25777331995988
489,508,8.30879345603272,8.28149606299213,997,8.29488465396189
485,514,8.29690721649485,8.30544747081712,999,8.3013013013013
492,506,8.28861788617886,8.32213438735178,998,8.30561122244489
502,496,8.27888446215139,8.30040322580645,998,8.28957915831663
503,496,8.29025844930418,8.31653225806452,999,8.3033033033033
515,484,8.30679611650485,8.32231404958678,999,8.31431431431431
515,484,8.29708737864078,8.32851239669422,999,8.31231231231231
518,481,8.32046332046332,8.29106029106029,999,8.30630630630631
518,481,8.33590733590734,8.28690228690229,999,8.31231231231231
526,471,8.34980988593156,8.30573248407643,997,8.32898696088265
531,468,8.30885122410546,8.30982905982906,999,8.30930930930931
528,470,8.3030303030303,8.2936170212766,998,8.29859719438878
528,470,8.30681818181818,8.31914893617021,998,8.312625250501
528,471,8.35795454545454,8.34607218683652,999,8.35235235235235
521,476,8.38195777351248,8.33823529411765,997,8.36108324974925
525,474,8.36380952380952,8.30168776371308,999,8.33433433433433
533,464,8.34333958724203,8.32758620689655,997,8.33600802407222
524,473,8.31870229007634,8.35729386892178,997,8.3370110330993
519,480,8.31599229287091,8.28125,999,8.2992992992993
522,476,8.29501915708812,8.26890756302521,998,8.28256513026052
525,474,8.31238095238095,8.28691983122363,999,8.3003003003003
517,482,8.31914893617021,8.2551867219917,999,8.28828828828829
514,484,8.32490272373541,8.23760330578512,998,8.28256513026052
513,486,8.32358674463938,8.26337448559671,999,8.29429429429429
510,489,8.3078431372549,8.2719836400818,999,8.29029029029029
501,498,8.31536926147705,8.27309236947791,999,8.29429429429429
496,503,8.30241935483871,8.2882703777336,999,8.2952952952953
497,501,8.24949698189135,8.28343313373253,998,8.26653306613226
488,510,8.23975409836066,8.27058823529412,998,8.25551102204409
484,514,8.21487603305785,8.23540856031128,998,8.22545090180361
482,516,8.20539419087137,8.23643410852713,998,8.22144288577154
483,514,8.25465838509317,8.22762645914397,997,8.2407221664995
480,519,8.24166666666667,8.19267822736031,999,8.21621621621622
477,520,8.24947589098532,8.20769230769231,997,8.22768304914744
485,514,8.23092783505155,8.18287937743191,999,8.20620620620621
478,520,8.20292887029289,8.15576923076923,998,8.17835671342685
479,519,8.17745302713987,8.16570327552986,998,8.17134268537074
480,519,8.16458333333333,8.17341040462428,999,8.16916916916917
477,522,8.16142557651992,8.13793103448276,999,8.14914914914915
483,514,8.17184265010352,8.17509727626459,997,8.17352056168506
482,515,8.18672199170124,8.18834951456311,997,8.18756268806419
478,520,8.18200836820084,8.16538461538462,998,8.17334669338677
477,520,8.15094339622642,8.14038461538462,997,8.14543630892678
468,529,8.16452991452991,8.13988657844991,997,8.15145436308927
462,535,8.17099567099567,8.09906542056075,997,8.13239719157472
472,527,8.15889830508475,8.11195445920304,999,8.13413413413413
470,527,8.20851063829787,8.11195445920304,997,8.15747241725176
470,529,8.2468085106383,8.08884688090737,999,8.16316316316316
469,530,8.26012793176972,8.10943396226415,999,8.18018018018018
468,531,8.25641025641026,8.12994350282486,999,8.18918918918919
475,522,8.26736842105263,8.07854406130268,997,8.16850551654965
481,518,8.24532224532225,8.05405405405405,999,8.14614614614615
495,504,8.27070707070707,8.01190476190476,999,8.14014014014014
488,510,8.21926229508197,8.04313725490196,998,8.12925851703407
500,497,8.262,8.06438631790745,997,8.16349047141424
495,504,8.23434343434343,8.07936507936508,999,8.15615615615616
503,495,8.2286282306163,8.03434343434343,998,8.13226452905812
505,493,8.22376237623762,8.03448275862069,998,8.13026052104208
515,483,8.21359223300971,8.00828157349896,998,8.11422845691383
515,484,8.21553398058252,8.00413223140496,999,8.11311311311311
515,484,8.22718446601942,8.03719008264463,999,8.13513513513514
521,477,8.2168905950096,8.0167714884696,998,8.12124248496994
511,486,8.17025440313112,8.00617283950617,997,8.09027081243731
511,488,8.18003913894325,8.02254098360656,999,8.1031031031031
500,496,8.176,7.99395161290323,996,8.08534136546185
499,499,8.17234468937876,8.03406813627254,998,8.10320641282565
501,498,8.15968063872256,8.09036144578313,999,8.12512512512513
488,511,8.12909836065574,8.06262230919765,999,8.0950950950951
479,520,8.09394572025052,8.02884615384615,999,8.06006006006006
481,517,8.08939708939709,8.0348162475822,998,8.06112224448898
476,523,8.10294117647059,8.01529636711281,999,8.05705705705706
483,515,8.12836438923395,8.01359223300971,998,8.06913827655311
474,525,8.09282700421941,8.04761904761905,999,8.06906906906907
476,522,8.10504201680672,8.06130268199234,998,8.08216432865732
475,524,8.09473684210526,8.08396946564885,999,8.08908908908909
470,528,8.08297872340425,8.09090909090909,998,8.0871743486974
467,531,8.07066381156317,8.11111111111111,998,8.09218436873748
461,537,8.08893709327549,8.10428305400372,998,8.09719438877756
460,539,8.0695652173913,8.06122448979592,999,8.06506506506507
467,532,8.07922912205567,8.09022556390977,999,8.08508508508509
468,531,8.11324786324786,8.06967984934087,999,8.09009009009009
465,532,8.10537634408602,8.06203007518797,997,8.08224674022066
466,532,8.10515021459227,8.04135338345865,998,8.07114228456914
459,540,8.07843137254902,8.01666666666667,999,8.04504504504505
456,543,8.10964912280702,8.03683241252302,999,8.07007007007007
454,544,8.05726872246696,8.02389705882353,998,8.03907815631263
444,553,8.0472972972973,8.00904159132007,997,8.02607823470411
450,549,8.03555555555556,8.01457194899818,999,8.02402402402402
448,551,8.015625,8.05263157894737,999,8.03603603603604
447,551,8.04474272930649,8.02177858439202,998,8.03206412825651
455,544,8.08131868131868,8.04411764705882,999,8.06106106106106
444,555,8.04504504504505,8.06126126126126,999,8.05405405405405
443,556,8.01128668171557,8.04136690647482,999,8.02802802802803
453,546,8.00883002207505,8.06410256410256,999,8.03903903903904
462,536,8.01082251082251,8.03544776119403,998,8.02404809619238
466,532,8.00643776824034,8.08082706766917,998,8.04609218436874
473,525,8.01902748414376,8.10666666666667,998,8.06513026052104
465,534,8.0752688172043,8.08988764044944,999,8.08308308308308
463,535,8.09719222462203,8.12897196261682,998,8.11422845691383
462,537,8.09307359307359,8.11173184357542,999,8.1031031031031
472,527,8.09745762711864,8.09297912713473,999,8.0950950950951
484,515,8.08471074380165,8.09514563106796,999,8.09009009009009
487,511,8.08624229979466,8.1252446183953,998,8.1062124248497
482,517,8.07883817427386,8.09671179883946,999,8.08808808808809
492,507,8.11178861788618,8.07100591715976,999,8.09109109109109
508,491,8.1003937007874,8.0224032586558,999,8.06206206206206
507,492,8.13806706114398,8.01829268292683,999,8.07907907907908
513,485,8.15594541910331,8.01030927835052,998,8.08517034068136
515,484,8.15922330097087,8.01859504132231,999,8.09109109109109
511,488,8.17416829745597,8.03688524590164,999,8.10710710710711
511,488,8.20743639921722,8.04098360655738,999,8.12612612612613
507,492,8.2051282051282,8.08536585365854,999,8.14614614614615
510,488,8.21372549019608,8.11270491803279,998,8.16432865731463
501,496,8.27944111776447,8.14516129032258,997,8.21263791374122
498,501,8.26305220883534,8.14770459081836,999,8.20520520520521
499,497,8.22444889779559,8.17907444668008,996,8.20180722891566
